1 1 1
2 2 2
3 3 8
999999 999999 259
1000 2000 182
2000 1000 182
1 100000 351
100000 1 351
1 2 2
2 1 2
2 4 8
4 2 8
4 7 17
7 4 17
7 11 20
11 7 20
11 16 18
16 11 18
16 22 21
22 16 21
22 29 112
29 22 112
29 37 107
37 29 107
37 46 110
46 37 110
46 56 113
56 46 113
56 67 108
67 56 108
67 79 116
79 67 116
79 92 111
92 79 111
92 106 119
106 92 119
106 121 114
121 106 114
121 137 122
137 121 122
137 154 117
154 137 117
154 172 125
172 154 125
172 191 107
191 172 107
191 211 120
211 191 120
211 232 128
232 211 128
232 254 128
254 232 128
254 277 123
277 254 123
277 301 118
301 277 118
301 326 131
326 301 131
326 352 144
352 326 144
352 379 126
379 352 126
379 407 121
407 379 121
407 436 134
436 407 134
436 466 129
466 436 129
466 497 142
497 466 142
497 529 124
529 497 124
529 562 137
562 529 137
562 596 119
596 562 119
596 631 132
631 596 132
631 667 145
667 631 145
667 704 171
704 667 171
704 742 140
742 704 140
742 781 153
781 742 153
781 821 135
821 781 135
821 862 148
862 821 148
862 904 179
904 862 179
904 947 174
947 904 174
947 991 143
991 947 143
991 1036 156
1036 991 156
1036 1082 169
1082 1036 169
1082 1129 138
1129 1082 138
1129 1177 182
1177 1129 182
1177 1226 164
1226 1177 164
1226 1276 177
1276 1226 177
1276 1327 177
1327 1276 177
1327 1379 159
1379 1327 159
1379 1432 172
1432 1379 172
1432 1486 172
1486 1432 172
1486 1541 154
1541 1486 154
1541 1597 167
1597 1541 167
1597 1654 167
1654 1597 167
1654 1712 180
1712 1654 180
1712 1771 180
1771 1712 180
1771 1831 162
1831 1771 162
1831 1892 175
1892 1831 175
1892 1954 175
1954 1892 175
1954 2017 175
2017 1954 175
2017 2081 157
2081 2017 157
2081 2146 170
2146 2081 170
2146 2212 170
2212 2146 170
2212 2279 183
2279 2212 183
2279 2347 183
2347 2279 183
2347 2416 165
2416 2347 165
2416 2486 209
2486 2416 209
2486 2557 178
2557 2486 178
2557 2629 178
2629 2557 178
2629 2702 191
2702 2629 191
2702 2776 173
2776 2702 173
2776 2851 173
2851 2776 173
2851 2927 217
2927 2851 217
2927 3004 173
3004 2927 173
3004 3082 155
3082 3004 155
3082 3161 186
3161 3082 186
3161 3241 199
3241 3161 199
3241 3322 168
3322 3241 168
3322 3404 181
3404 3322 181
3404 3487 181
3487 3404 181
3487 3571 194
3571 3487 194
3571 3656 163
3656 3571 163
3656 3742 238
3742 3656 238
3742 3829 176
3829 3742 176
3829 3917 176
3917 3829 176
3917 4006 189
4006 3917 189
4006 4096 189
4096 4006 189
4096 4187 189
4187 4096 189
4187 4279 202
4279 4187 202
4279 4372 184
4372 4279 184
4372 4466 215
4466 4372 215
4466 4561 184
4561 4466 184
4561 4657 184
4657 4561 184
4657 4754 166
4754 4657 166
4754 4852 197
4852 4754 197
4852 4951 210
4951 4852 210
4951 5051 179
5051 4951 179
5051 5152 179
5152 5051 179
5152 5254 179
5254 5152 179
5254 5357 192
5357 5254 192
5357 5461 192
5461 5357 192
5461 5566 205
5566 5461 205
5566 5672 236
5672 5566 236
5672 5779 205
5779 5672 205
5779 5887 218
5887 5779 218
5887 5996 187
5996 5887 187
5996 6106 187
6106 5996 187
6106 6217 262
6217 6106 262
6217 6329 200
6329 6217 200
6329 6442 200
6442 6329 200
6442 6556 200
6556 6442 200
6556 6671 244
6671 6556 244
6671 6787 182
6787 6671 182
6787 6904 182
6904 6787 182
6904 7022 257
7022 6904 257
7022 7141 195
7141 7022 195
7141 7261 195
7261 7141 195
7261 7382 195
7382 7261 195
7382 7504 239
7504 7382 239
7504 7627 208
7627 7504 208
7627 7751 177
7751 7627 177
7751 7876 221
7876 7751 221
7876 8002 252
8002 7876 252
8002 8129 190
8129 8002 190
8129 8257 190
8257 8129 190
8257 8386 234
8386 8257 234
8386 8516 203
8516 8386 203
8516 8647 172
8647 8516 172
8647 8779 216
8779 8647 216
8779 8912 185
8912 8779 185
8912 9046 247
9046 8912 247
9046 9181 198
9181 9046 198
9181 9317 260
9317 9181 260
9317 9454 198
9454 9317 198
9454 9592 198
9592 9454 198
9592 9731 185
9731 9592 185
9731 9871 211
9871 9731 211
9871 10012 242
10012 9871 242
10012 10154 224
10154 10012 224
10154 10297 242
10297 10154 242
10297 10441 255
10441 10297 255
10441 10586 193
10586 10441 193
10586 10732 255
10732 10586 255
10732 10879 206
10879 10732 206
10879 11027 268
11027 10879 268
11027 11176 237
11176 11027 237
11176 11326 206
11326 11176 206
11326 11477 206
11477 11326 206
11477 11629 237
11629 11477 237
11629 11782 219
11782 11629 219
11782 11936 219
11936 11782 219
11936 12091 250
12091 11936 250
12091 12247 250
12247 12091 250
12247 12404 263
12404 12247 263
12404 12562 232
12562 12404 232
12562 12721 263
12721 12562 263
12721 12881 201
12881 12721 201
12881 13042 201
13042 12881 201
13042 13204 245
13204 13042 245
13204 13367 276
13367 13204 276
13367 13531 245
13531 13367 245
13531 13696 245
13696 13531 245
13696 13862 227
13862 13696 227
13862 14029 258
14029 13862 258
14029 14197 196
14197 14029 196
14197 14366 196
14366 14197 196
14366 14536 209
14536 14366 209
14536 14707 271
14707 14536 271
14707 14879 240
14879 14707 240
14879 15052 271
15052 14879 271
15052 15226 222
15226 15052 222
15226 15401 240
15401 15226 240
15401 15577 222
15577 15401 222
15577 15754 253
15754 15577 253
15754 15932 253
15932 15754 253
15932 16111 235
16111 15932 235
16111 16291 204
16291 16111 204
16291 16472 266
16472 16291 266
16472 16654 235
16654 16472 235
16654 16837 266
16837 16654 266
16837 17021 204
17021 16837 204
17021 17206 235
17206 17021 235
17206 17392 235
17392 17206 235
17392 17579 248
17579 17392 248
17579 17767 279
17767 17579 279
17767 17956 248
17956 17767 248
17956 18146 186
18146 17956 186
18146 18337 248
18337 18146 248
18337 18529 261
18529 18337 261
18529 18722 261
18722 18529 261
18722 18916 261
18916 18722 261
18916 19111 230
19111 18916 230
19111 19307 212
19307 19111 212
19307 19504 199
19504 19307 199
19504 19702 274
19702 19504 274
19702 19901 274
19901 19702 274
19901 20101 243
20101 19901 243
20101 20302 243
20302 20101 243
20302 20504 243
20504 20302 243
20504 20707 212
20707 20504 212
20707 20911 256
20911 20707 256
20911 21116 225
21116 20911 225
21116 21322 256
21322 21116 256
21322 21529 256
21529 21322 256
21529 21737 207
21737 21529 207
21737 21946 269
21946 21737 269
21946 22156 269
22156 21946 269
22156 22367 238
22367 22156 238
22367 22579 269
22579 22367 269
22579 22792 238
22792 22579 238
22792 23006 238
23006 22792 238
23006 23221 238
23221 23006 238
23221 23437 251
23437 23221 251
23437 23654 282
23654 23437 282
23654 23872 251
23872 23654 251
23872 24091 251
24091 23872 251
24091 24311 251
24311 24091 251
24311 24532 202
24532 24311 202
24532 24754 264
24754 24532 264
24754 24977 264
24977 24754 264
24977 25201 264
25201 24977 264
25201 25426 246
25426 25201 246
25426 25652 233
25652 25426 233
25652 25879 233
25879 25652 233
25879 26107 233
26107 25879 233
26107 26336 246
26336 26107 246
26336 26566 277
26566 26336 277
26566 26797 308
26797 26566 308
26797 27029 246
27029 26797 246
27029 27262 259
27262 27029 259
27262 27496 246
27496 27262 246
27496 27731 228
27731 27496 228
27731 27967 259
27967 27731 259
27967 28204 228
28204 27967 228
28204 28442 259
28442 28204 259
28442 28681 197
28681 28442 197
28681 28921 228
28921 28681 228
28921 29162 241
29162 28921 241
29162 29404 272
29404 29162 272
29404 29647 210
29647 29404 210
29647 29891 272
29891 29647 272
29891 30136 272
30136 29891 272
30136 30382 241
30382 30136 241
30382 30629 241
30629 30382 241
30629 30877 254
30877 30629 254
30877 31126 210
31126 30877 210
31126 31376 254
31376 31126 254
31376 31627 285
31627 31376 285
31627 31879 285
31879 31627 285
31879 32132 254
32132 31879 254
32132 32386 254
32386 32132 254
32386 32641 267
32641 32386 267
32641 32897 236
32897 32641 236
32897 33154 267
33154 32897 267
33154 33412 236
33412 33154 236
33412 33671 267
33671 33412 267
33671 33931 267
33931 33671 267
33931 34192 236
34192 33931 236
34192 34454 311
34454 34192 311
34454 34717 249
34717 34454 249
34717 34981 280
34981 34717 280
34981 35246 249
35246 34981 249
35246 35512 311
35512 35246 311
35512 35779 324
35779 35512 324
35779 36047 249
36047 35779 249
36047 36316 249
36316 36047 249
36316 36586 249
36586 36316 249
36586 36857 218
36857 36586 218
36857 37129 262
37129 36857 262
37129 37402 262
37402 37129 262
37402 37676 306
37676 37402 306
37676 37951 262
37951 37676 262
37951 38227 244
38227 37951 244
38227 38504 231
38504 38227 231
38504 38782 231
38782 38504 231
38782 39061 275
39061 38782 275
39061 39341 275
39341 39061 275
39341 39622 244
39622 39341 244
39622 39904 275
39904 39622 275
39904 40187 306
40187 39904 306
40187 40471 244
40471 40187 244
40471 40756 257
40756 40471 257
40756 41042 288
41042 40756 288
41042 41329 213
41329 41042 213
41329 41617 226
41617 41329 226
41617 41906 257
41906 41617 257
41906 42196 226
42196 41906 226
42196 42487 288
42487 42196 288
42487 42779 257
42779 42487 257
42779 43072 239
43072 42779 239
43072 43366 257
43366 43072 257
43366 43661 226
43661 43366 226
43661 43957 270
43957 43661 270
43957 44254 270
44254 43957 270
44254 44552 239
44552 44254 239
44552 44851 270
44851 44552 270
44851 45151 314
45151 44851 314
45151 45452 239
45452 45151 239
45452 45754 239
45754 45452 239
45754 46057 239
46057 45754 239
46057 46361 252
46361 46057 252
46361 46666 283
46666 46361 283
46666 46972 252
46972 46666 252
46972 47279 283
47279 46972 283
47279 47587 314
47587 47279 314
47587 47896 252
47896 47587 252
47896 48206 252
48206 47896 252
48206 48517 252
48517 48206 252
48517 48829 265
48829 48517 265
48829 49142 296
49142 48829 296
49142 49456 265
49456 49142 265
49456 49771 296
49771 49456 296
49771 50087 265
50087 49771 265
50087 50404 265
50404 50087 265
50404 50722 234
50722 50404 234
50722 51041 278
51041 50722 278
51041 51361 309
51361 51041 309
51361 51682 234
51682 51361 234
51682 52004 247
52004 51682 247
52004 52327 278
52327 52004 278
52327 52651 340
52651 52327 340
52651 52976 278
52976 52651 278
52976 53302 309
53302 52976 309
53302 53629 322
53629 53302 322
53629 53957 247
53957 53629 247
53957 54286 260
54286 53957 260
54286 54616 260
54616 54286 260
54616 54947 216
54947 54616 216
54947 55279 260
55279 54947 260
55279 55612 260
55612 55279 260
55612 55946 260
55946 55612 260
55946 56281 322
56281 55946 322
56281 56617 291
56617 56281 291
56617 56954 291
56954 56617 291
56954 57292 304
57292 56954 304
57292 57631 273
57631 57292 273
57631 57971 229
57971 57631 229
57971 58312 229
58312 57971 229
58312 58654 273
58654 58312 273
58654 58997 273
58997 58654 273
58997 59341 273
59341 58997 273
59341 59686 273
59686 59341 273
59686 60032 304
60032 59686 304
60032 60379 317
60379 60032 317
60379 60727 273
60727 60379 273
60727 61076 335
61076 60727 335
61076 61426 242
61426 61076 242
61426 61777 286
61777 61426 286
61777 62129 317
62129 61777 317
62129 62482 255
62482 62129 255
62482 62836 286
62836 62482 286
62836 63191 317
63191 62836 317
63191 63547 330
63547 63191 330
63547 63904 255
63904 63547 255
63904 64262 299
64262 63904 299
64262 64621 224
64621 64262 224
64621 64981 268
64981 64621 268
64981 65342 224
65342 64981 224
65342 65704 268
65704 65342 268
65704 66067 268
66067 65704 268
66067 66431 268
66431 66067 268
66431 66796 268
66796 66431 268
66796 67162 268
67162 66796 268
67162 67529 237
67529 67162 237
67529 67897 312
67897 67529 312
67897 68266 312
68266 67897 312
68266 68636 312
68636 68266 312
68636 69007 237
69007 68636 237
69007 69379 250
69379 69007 250
69379 69752 299
69752 69379 299
69752 70126 281
70126 69752 281
70126 70501 312
70501 70126 312
70501 70877 281
70877 70501 281
70877 71254 312
71254 70877 312
71254 71632 325
71632 71254 325
71632 72011 250
72011 71632 250
72011 72391 263
72391 72011 263
72391 72772 263
72772 72391 263
72772 73154 294
73154 72772 294
73154 73537 294
73537 73154 294
73537 73921 294
73921 73537 294
73921 74306 263
74306 73921 263
74306 74692 294
74692 74306 294
74692 75079 325
75079 74692 325
75079 75467 232
75467 75079 232
75467 75856 294
75856 75467 294
75856 76246 307
76246 75856 307
76246 76637 263
76637 76246 263
76637 77029 307
77029 76637 307
77029 77422 351
77422 77029 351
77422 77816 245
77816 77422 245
77816 78211 276
78211 77816 276
78211 78607 307
78607 78211 307
78607 79004 338
79004 78607 338
79004 79402 307
79402 79004 307
79402 79801 276
79801 79402 276
79801 80201 307
80201 79801 307
80201 80602 320
80602 80201 320
80602 81004 276
81004 80602 276
81004 81407 320
81407 81004 320
81407 81811 258
81811 81407 258
81811 82216 289
82216 81811 289
82216 82622 307
82622 82216 307
82622 83029 320
83029 82622 320
83029 83437 258
83437 83029 258
83437 83846 289
83846 83437 289
83846 84256 320
84256 83846 320
84256 84667 302
84667 84256 302
84667 85079 289
85079 84667 289
85079 85492 289
85492 85079 289
85492 85906 302
85906 85492 302
85906 86321 302
86321 85906 302
86321 86737 271
86737 86321 271
86737 87154 333
87154 86737 333
87154 87572 240
87572 87154 240
87572 87991 271
87991 87572 271
87991 88411 333
88411 87991 333
88411 88832 271
88832 88411 271
88832 89254 315
89254 88832 315
89254 89677 302
89677 89254 302
89677 90101 302
90101 89677 302
90101 90526 315
90526 90101 315
90526 90952 271
90952 90526 271
90952 91379 315
91379 90952 315
91379 91807 333
91807 91379 333
91807 92236 284
92236 91807 284
92236 92666 284
92666 92236 284
92666 93097 315
93097 92666 315
93097 93529 284
93529 93097 284
93529 93962 253
93962 93529 253
93962 94396 284
94396 93962 284
94396 94831 315
94831 94396 315
94831 95267 328
95267 94831 328
95267 95704 284
95704 95267 284
95704 96142 284
96142 95704 284
96142 96581 297
96581 96142 297
96581 97021 253
97021 96581 253
97021 97462 297
97462 97021 297
97462 97904 297
97904 97462 297
97904 98347 266
98347 97904 266
98347 98791 266
98791 98347 266
98791 99236 328
99236 98791 328
99236 99682 266
99682 99236 266
99682 100129 328
100129 99682 328
100129 100577 341
100577 100129 341
100577 101026 266
101026 100577 266
101026 101476 297
101476 101026 297
101476 101927 310
101927 101476 310
101927 102379 310
102379 101927 310
102379 102832 310
102832 102379 310
102832 103286 235
103286 102832 235
103286 103741 248
103741 103286 248
103741 104197 279
104197 103741 279
104197 104654 310
104654 104197 310
104654 105112 341
105112 104654 341
105112 105571 310
105571 105112 310
105571 106031 279
106031 105571 279
106031 106492 354
106492 106031 354
106492 106954 310
106954 106492 310
106954 107417 323
107417 106954 323
107417 107881 279
107881 107417 279
107881 108346 279
108346 107881 279
108346 108812 261
108812 108346 261
108812 109279 292
109279 108812 292
109279 109747 292
109747 109279 292
109747 110216 310
110216 109747 310
110216 110686 292
110686 110216 292
110686 111157 261
111157 110686 261
111157 111629 323
111629 111157 323
111629 112102 292
112102 111629 292
112102 112576 323
112576 112102 323
112576 113051 292
113051 112576 292
113527 114004 292
114004 113527 292
114004 114482 305
114482 114004 305
114482 114961 261
114961 114482 261
114961 115441 305
115441 114961 305
115441 115922 349
115922 115441 349
115922 116404 305
116404 115922 305
116404 116887 305
116887 116404 305
116887 117371 274
117371 116887 274
117371 117856 305
117856 117371 305
117856 118342 336
118342 117856 336
118342 118829 318
118829 118342 318
118829 119317 305
119317 118829 305
119317 119806 305
119806 119317 305
119806 120296 305
120296 119806 305
120296 120787 318
120787 120296 318
120787 121279 274
121279 120787 274
121279 121772 318
121772 121279 318
121772 122266 336
122266 121772 336
122266 122761 256
122761 122266 256
122761 123257 318
123257 122761 318
123257 123754 331
123754 123257 331
